1234567890
1234567908
1234567890
1234567908
1234567980
1234567908
1234567980
1234567890
1234567980
1234567908
1234567980
1234567890
1234568907
1234568907
1234567890
1234568907
1234569078
1234568907
1234569078
1234567890
1234569078
1234568907
1234569078
1234567890
1234569780
1234569780
1234567890
1234569780
1234569807
1234569780
1234569807
1234567890
1234569807
1234569780
1234569807
1234567890
1234569087
1234569087
1234567890
1234569087
1234569078
1234569087
1234569078
1234567890
1234569078
1234569087
1234569078
1234567890
1234569806
1234569806
1234567890
1234569806
1234569860
1234569806
1234569860
1234567890
1234569860
1234569806
1234569860
1234567890
1234569086
1234569086
1234567890
1234569086
1234569068
1234569086
1234569068
1234567890
1234569068
1234569086
1234569068
1234567890
1234569786
1234569786
1234567890
1234569786
1234569768
1234569786
1234569768
1234567890
1234569768
1234569786
1234569768
1234567890
1234569687
1234569687
1234567890
1234569687
1234569678
1234569687
1234569678
1234567890
1234569678
1234569687
1234569678
1234567890
1234569067
1234569067
1234567890
1234569067
1234569067
1234569078
1234569067
1234569078
1234569087
1234569078
1234569087
1234569067
1234569087
1234569078
1234569087
1234569067
1234569678
1234569678
1234569067
1234569678
1234569687
1234569678
1234569687
1234569067
1234569687
1234569678
1234569687
1234569067
1234569768
1234569768
1234569067
1234569768
1234569786
1234569768
1234569786
1234569067
1234569786
1234569768
1234569786
1234569067
1234569860
1234569860
1234569067
1234569860
1234569806
1234569860
1234569806
1234569067
1234569806
1234569860
1234569806
1234569067
1234569078
1234569078
1234569067
1234569078
1234569087
1234569078
1234569087
1234569067
1234569087
1234569078
1234569087
1234569067
1234569768
1234569768
1234569067
1234569768
1234569786
1234569768
1234569786
1234569067
1234569786
1234569768
1234569786
1234569067
1234569860
1234569860
1234569067
1234569860
1234569806
1234569860
1234569806
1234569067
1234569806
1234569860
1234569806
1234569067
1234569078
1234569078
1234569067
1234569078
1234569087
1234569078
1234569087
1234569067
1234569087
1234569078
1234569087
1234569067
1234569678
1234569678
1234569067
1234569678
1234569678
1234569687
1234569678
1234569687
1234569768
1234569687
1234569768
1234569678
1234569768
1234569687
1234569768
1234569678
1234569860
1234569860
1234569678
1234569860
1234569806
1234569860
1234569806
1234569678
1234569806
1234569860
1234569806
1234569678
1234569786
1234569786
1234569678
1234569786
1234569768
1234569786
1234569768
1234569678
1234569768
1234569786
1234569768
1234569678
1234569087
1234569087
1234569678
1234569087
1234569078
1234569087
1234569078
1234569678
1234569078
1234569087
1234569078
1234569678
1234569078
1234569786
1234569786
1234569078
1234569786
1234569768
1234569786
1234569768
1234569078
1234569768
1234569786
1234569768
1234569078
1234569860
1234569860
1234569078
1234569860
1234569806
1234569860
1234569806
1234569078
1234569806
1234569860
1234569806
1234569078
1234569087
1234569087
1234569078
1234569087
1234569678
1234569087
1234569678
1234569078
1234569678
1234569087
1234569678
1234569078
1234569768
1234569768
1234569078
1234569768
1234569786
1234569768
1234569786
1234569078
1234569786
1234569768
1234569786
1234569078
1234569860
1234569860
1234569078
1234569860
1234569806
1234569860
1234569806
1234569786
1234569806
1234569786
1234569860
1234569786
1234569806
1234569786
1234569860
1234569078
1234569078
1234569860
1234569078
1234569087
1234569078
1234569087
1234569860
1234569087
1234569078
1234569087
1234569860
1234569678
1234569678
1234569860
1234569678
1234569687
1234569678
1234569687
1234569860
1234569687
1234569678
1234569687
1234569860
1234569768
1234569768
1234569860
1234569768
1234569786
1234569768
1234569786
1234569860
1234569786
1234569768
1234569786
1234569860
1234569078
1234569078
1234569860
1234569078
1234569087
1234569078
1234569087
1234569860
1234569087
1234569078
1234569087
1234569860
1234569678
1234569678
1234569860
1234569678
1234569687
1234569678
1234569687
1234569860
1234569687
1234569678
1234569687
1234569860
1234569768
1234569768
1234569860
1234569768
1234569786
1234569768
1234569786
1234569860
1234569786
1234569768
1234569786
1234569860
1234569078
1234569078
1234569860
1234569078
1234569087
1234569078
1234569087
1234569860
1234569087
1234569078
1234569087
1234569860
1234569678
1234569678
1234569860
1234569678
1234569678
1234569687
1234569678
1234569687
1234569768
1234569687
1234569768
1234569678
1234569768
1234569687
1234569768
1234569678
1234569860
1234569860
1234569678
1234569860
1234569806
1234569860
1234569806
1234569678
1234569806
1234569860
1234569806
1234569678
1234569786
1234569786
1234569678
1234569786
1234569768
1234569786
1234569768
1234569678
1234569768
1234569786
1234569768
1234569678
1234569087
1234569087
1234569678
1234569087
1234569078
1234569087
1234569078
1234569678
1234569078
1234569087
1234569078
1234569678
1234569078
1234569786
1234569786
1234569078
1234569786
1234569768
1234569786
1234569768
1234569078
1234569768
1234569786
1234569768
1234569078
1234569860
1234569860
1234569078
1234569860
1234569806
1234569860
1234569806
1234569078
1234569806
1234569860
1234569806
1234569078
1234569087
1234569087
1234569078
1234569087
1234569678
1234569087
1234569678
1234569078
1234569678
1234569087
1234569678
1234569078
1234569768
1234569768
1234569078
1234569768
1234569786
1234569768
1234569786
1234569078
1234569786
1234569768
1234569786
1234569078
1234569860
1234569860
1234569078